0.999
0.4168778102355948
0.42699733379500776
0.44017334340479447
0.4415278187090798
0.4414145517227834
0.43001421033549625
0.4247665909414237
0.4115834233228371
0.39244620781449324
0.3842631632324083
0.3720859340064818
0.35930549107954196
0.3473114812969706
0.3284340156786066
0.31607672381262575
0.310919454076494
0.30545802097989183
0.2984931256051611
0.28792315687002873
0.28137613894463664
0.27369076208991094
0.26795156396861713
0.25995678911949044
0.25168532260375837
0.24530142756890527
0.23703062330233768
0.2277600928396393
0.2224151773880545
0.21915016928322908
0.214340568826925
0.20912598361331275
0.20307146186743882
0.20011785912496094
0.19747780962184242
0.19076955548386018
0.18732918159917936
0.18310766660809488
0.1786367691659559
0.1745712457618014
0.1712560255537789
0.16887899428792455
0.16449383207067544
0.16267735559939903
0.16026516877703767
0.15621671874119358
0.15307565045706042
0.14983264556083553
0.14819053940440444
0.14457374151115301
0.14148317654985598
0.14002960444503318
0.1363046918040564
0.13356871336705228
0.13042533365213047
0.12997522850574394
0.12808707238943645
0.12672055157362655
0.12558690753721816
0.12346874581691268
0.12050549609125959
0.11821713192632466
0.11634766053627912
0.11411827252947482
0.11146904512740706
0.11072729711461111
0.10734842240870948
0.10556344486807553
0.1038634702006422
0.10250723983985596
0.09969951766321926
0.09706256304047527
0.09672171009074819
0.09610855580828236
0.09466535216491363
0.093352115032039
0.09231544341848755
0.09038972572855267
0.08828967639578401
0.08676216802376926
0.08556174665882546
0.08362124314342763
0.08241709939413198
0.08200167298012882
0.08043627326074489
0.07962932975210872
0.0789750905969769
0.07747848862238967
0.07680874869988785
0.07562713203453132
0.07481703864706712
0.07462330639323139
0.07362122211436714
0.0724050130917154
0.07149863636229402
0.0712789693397746
0.07007093385664423
0.06968407699173987
0.06886556193651563
0.0678623835801245
0.06745462860059151
0.0664785041949105
0.06602024022829939
0.06509236997269843
0.06399149661655802
0.06341239211884464
0.06297590496199044
0.06242369768674302
0.06216737895272108
0.06089398817505811
0.060777341172070114
0.05997157615435938
0.058867604845781636
0.05791032722626318
0.058026073947503476
0.05728731748476076
0.0563844172183379
0.0556277092613578
0.0549843894346297
0.05418380163637545
0.05391319008660369
0.052966923011008464
0.052582023321266116
0.05263025122360805
0.05190570098179841
0.05128309437619395
0.05074337040786545
0.05074042044402889
0.05018201530579689
0.04987839320579203
0.04936555187828718
0.048847002336955554
0.04833234479680331
0.04785481239259757
0.0475925363503298
0.04728961159655311
0.04653499514186319
0.04586395358599507
0.045327861172923166
0.044646582539175396
0.04425917655842026
0.04437624704390912
0.04404169364792757
0.04397467687099589
0.04343528582518383
0.0431212770780247
0.04289401369816148
0.042615243983817656
0.04230184102750903
0.04190042229241163
0.04140289328369218
0.04125336298234546
0.0407571799298144
0.04044907425769884
0.04019535866155262
0.04009393156414162
0.03975159673698121
0.03965392217819697
0.0396320932090796
0.03931378393131447
0.039208681838053566
0.03938486406356044
0.03916583763267299
0.03888728304599233
0.03866484385438663
0.038286194162847315
0.03810809644245341
0.03793645429770681
0.037369914880353704
0.03724659991919075
0.037034800451523193
0.03671177274024974
0.03636558946019016
0.03646165439657988
0.036392773450384996
0.03610308986274551
0.03569314495921606
0.035617497535265885
0.03525021469214211
0.03511074180043761
0.035190955108906664
0.034975297147958
0.0346767039502794
0.0346531891457767
0.03441040846080123
0.03442183517894807
0.03430504058253784
0.034158349382449375
0.033858139050347284
0.03364574490374861
0.03372632894881936
0.033549954417418204
0.03327480744337766
0.033049150460587436
0.03299800836259179
0.03276844262299239
0.03281468782851287
0.03262967579067266
0.032319238215117195
0.03231244981664418
0.03236041293056901
0.032002323235798075
0.031976522881021624
0.03169248114052054
0.03158221950806019
0.03144025264156997
0.031030763091515617
0.030900316088969274
0.030806758240094222
0.030750343153305198
0.030637959379682844
0.030564704118834357
0.030590956441080022
0.030414262932875177
0.030306323325812342
0.030092431899780177
0.030013379108663186
0.029883226691101605
0.02975648782132078
0.02977522003539809
0.029661144955430305
0.029224586889329263
0.02906446846476277
0.02880777012798026
0.028465021839653125
0.028369368094367842
0.028284613737901785
0.02835834271170828
0.02812744618982073
0.02780997103599738
0.02788129605159645
0.028087582346237754
0.028245315652769137
0.028168488913059744
0.028013186059652372
0.028124362173865235
0.02804173562615934
0.02807103861349305
0.027871104282047317
0.027681179126156263
0.027632695087040242
0.027573932698279933
0.027393353367525203
0.027174564821322696
0.02688077130809475
0.026750032151902952
0.026608123634099392
0.02649010939331695
0.02622766728938457
0.02606488974563524
0.026173356730137036
0.02612239968692528
0.026153084447157228
0.026221510369035018
0.026148714306817866
0.026213010287597614
0.025929159643916403
0.025994198836998918
0.02589627254181954
0.025807275573086437
0.025567863916898914
0.025330210000708352
0.025270237402683943
0.02538176746685088
0.025196271795373607
0.02526682379087185
0.02528181923720291
0.025210031908463198
0.025201657044140773
0.025152426802025285
0.025340232460458703
0.025112079404210556
0.025101800405915635
0.02507465226589797
0.02513178438293481
0.025171163831097302
0.025151299906610244
0.025058284438374247
0.02522890635526722
0.025157863281382392
0.024952533646312967
0.024871301320236076
0.024647252952285342
0.02456975394659598
0.024681584539100212
0.024449100931924355
0.024215317202154297
0.024060525465744203
0.02398376460283107
0.02397338055467776
0.02392156176318618
0.023840931639617674
0.02368965035101346
0.02371487264516414
0.023651484316948752
0.023517474208970744
0.023305749880895645
0.023220753918215452
0.023252904221572494
0.0230794186636534

