0 0
1 263
2 274
3 268
4 281
5 282
6 275
7 293
8 268
9 256
10 292
11 258
12 256
13 232
14 274
15 255
16 248
17 228
18 236
19 179
20 246
21 183
22 181
23 178
24 157
25 162
26 160
27 158
28 141
29 120
30 144
31 137
32 132
33 118
34 118
35 97
36 103
37 90
38 81
39 84
40 70
41 74
42 59
43 80
44 82
45 68
46 62
47 61
48 47
49 38
50 29
51 40
52 46
53 55
54 39
55 34
56 35
57 35
58 39
59 38
60 32
61 23
62 30
63 18
64 22
65 14
66 20
67 17
68 13
69 24
70 21
71 19
72 16
73 13
74 15
75 9
76 11
77 18
78 22
79 7
80 14
81 8
82 15
83 10
84 9
85 9
86 12
87 14
88 8
89 7
90 7
91 7
92 5
93 6
94 10
95 10
96 8
97 3
98 5
99 6
100 8
101 12
102 4
103 0
104 6
105 1
106 5
107 6
108 5
109 5
110 2
111 5
112 4
113 6
114 5
115 4
116 2
117 4
118 4
119 5
120 3
121 2
122 2
123 3
124 5
125 4
126 2
127 2
128 1
129 3
130 3
131 1
132 2
133 6
134 2
135 3
136 1
137 5
138 4
139 1
140 2
141 4
142 0
143 0
144 3
145 4
146 1
147 0
148 1
149 1
150 1
151 1
152 2
153 1
154 3
155 2
156 0
157 1
158 0
159 0
160 0
161 2
162 2
163 2
164 2
165 1
166 1
167 1
168 5
169 1
170 3
171 1
172 1
173 0
174 0
175 0
176 1
177 1
178 1
179 4
180 2
181 2
182 1
183 0
184 1
185 1
186 0
187 1
188 4
189 1
190 4
191 2
192 1
193 1
194 0
195 0
196 3
197 1
198 1
199 0
200 2
201 1
202 0
203 2
204 1
205 1
206 1
207 1
208 0
209 0
210 0
211 1
212 1
213 2
214 1
215 0
216 1
217 0
218 0
219 0
220 1
221 0
222 3
223 0
224 0
225 0
226 2
227 1
228 0
229 2
230 0
231 2
232 1
233 0
234 0
235 2
236 1
237 0
238 1
239 0
240 1
241 0
242 0
243 2
244 0
245 0
246 0
247 0
248 0
249 2
250 0
251 0
252 0
253 0
254 0
255 3
256 0
257 1
258 0
259 0
260 0
261 1
262 0
263 0
264 1
265 0
266 1
267 0
268 0
269 0
270 0
271 1
272 1
273 0
274 0
275 0
276 0
277 0
278 0
279 0
280 0
281 0
282 1
283 0
284 0
285 0
286 1
287 0
288 1
289 0
290 1
291 1
292 1
293 0
294 1
295 0
296 0
297 0
298 1
299 0
300 1
301 0
302 1
303 1
304 1
305 0
306 0
307 0
308 0
309 0
310 0
311 1
312 0
313 0
314 0
315 1
316 0
317 1
318 1
319 2
320 0
321 0
322 0
323 0
324 0
325 0
326 0
327 0
328 0
329 0
330 0
331 0
332 0
333 0
334 0
335 0
336 0
337 0
338 0
339 0
340 0
341 0
342 0
343 0
344 0
345 1
346 1
347 1
348 0
349 1
350 0
351 0
352 0
353 1
354 0
355 0
356 1
357 0
358 0
359 0
360 1
361 0
362 2
363 0
364 0
365 0
366 0
367 0
368 0
369 0
370 0
371 1
372 0
373 0
374 0
375 0
376 1
377 0
378 0
379 0
380 0
381 0
382 0
383 0
384 0
385 0
386 0
387 0
388 0
389 0
390 0
391 0
392 1
393 0
394 0
395 0
396 0
397 0
398 0
399 0
400 1
401 0
402 0
403 0
404 0
405 0
406 0
407 0
408 0
409 0
410 0
411 0
412 0
413 1
414 0
415 1
416 0
417 0
418 0
419 1
420 0
421 0
422 0
423 1
424 0
425 0
426 0
427 1
428 1
429 0
430 0
431 0
432 1
433 0
434 1
435 0
436 0
437 0
438 0
439 0
440 1
441 0
442 0
443 0
444 0
445 0
446 0
447 0
448 0
449 0
450 0
451 0
452 0
453 0
454 0
455 0
456 0
457 0
458 0
459 0
460 0
461 0
462 0
463 0
464 1
465 0
466 0
467 0
468 0
469 0
470 0
471 0
472 0
473 0
474 0
475 0
476 0
477 0
478 0
479 0
480 0
481 0
482 0
483 0
484 0
485 1
486 0
487 0
488 0
489 0
490 0
491 0
492 0
493 0
494 0
495 0
496 0
497 0
498 0
499 0
500 0
501 1
502 0
503 0
504 0
505 0
506 0
507 0
508 0
509 0
510 1
511 0
512 0
513 0
514 0
515 0
516 0
517 0
518 0
519 1
520 0
521 0
522 0
523 1
524 0
525 1
526 1
527 0
528 0
529 0
530 1
531 0
532 0
533 0
534 0
535 0
536 0
537 0
538 0
539 0
540 0
541 0
542 0
543 0
544 0
545 0
546 0
547 0
548 0
549 0
550 0
551 0
552 0
553 1
554 1
555 0
556 0
557 0
558 0
559 0
560 0
561 0
562 0
563 0
564 0
565 0
566 0
567 0
568 0
569 0
570 0
571 0
572 0
573 0
574 1
575 0
576 0
577 0
578 0
579 2
580 0
581 0
582 0
583 1
584 0
585 0
586 0
587 1
588 0
589 0
590 0
591 0
592 0
593 0
594 1
595 0
596 1
597 0
598 0
599 0
600 0
601 0
602 0
603 0
604 1
605 0
606 0
607 0
608 0
609 1
610 0
611 0
612 0
613 0
614 0
615 0
616 0
617 0
618 0
619 0
620 0
621 0
622 1
623 1
624 0
625 1
626 0
627 0
628 0
629 0
630 0
631 0
632 0
633 0
634 0
635 1
636 0
637 0
638 0
639 0
640 0
641 0
642 0
643 0
644 0
645 0
646 0
647 0
648 0
649 0
650 0
651 0
652 0
653 0
654 0
655 0
656 0
657 0
658 0
659 0
660 0
661 0
662 0
663 0
664 1
665 0
666 0
667 0
668 0
669 0
670 0
671 0
672 0
673 0
674 0
675 0
676 0
677 0
678 0
679 0
680 0
681 0
682 0
683 0
684 0
685 0
686 0
687 0
688 0
689 0
690 0
691 0
692 0
693 0
694 0
695 0
696 0
697 0
698 0
699 0
700 0
701 0
702 0
703 0
704 1
705 0
706 0
707 0
708 0
709 0
710 0
711 0
712 0
713 0
714 0
715 0
716 0
717 0
718 1
719 0
720 0
721 0
722 0
723 0
724 0
725 0
726 0
727 0
728 0
729 0
730 0
731 0
732 0
733 0
734 0
735 0
736 0
737 0
738 0
739 1
740 0
741 0
742 0
743 0
744 0
745 0
746 0
747 0
748 0
749 0
750 0
751 0
752 0
753 0
754 0
755 0
756 0
757 0
758 0
759 0
760 1
761 0
762 0
763 0
764 0
765 0
766 0
767 1
768 0
769 0
770 0
771 0
772 0
773 0
774 0
775 0
776 0
777 0
778 0
779 0
780 0
781 0
782 0
783 0
784 0
785 0
786 0
787 0
788 0
789 1
790 0
791 0
792 0
793 0
794 0
795 0
796 0
797 0
798 0
799 1
800 0
801 0
802 0
803 0
804 0
805 0
806 0
807 0
808 0
809 0
810 0
811 0
812 0
813 0
814 1
815 0
816 0
817 0
818 0
819 1
820 0
821 0
822 0
823 0
824 0
825 0
826 0
827 0
828 0
829 0
830 0
831 0
832 0
833 1
834 0
835 0
836 0
837 0
838 0
839 0
840 0
841 0
842 0
843 0
844 0
845 0
846 0
847 0
848 0
849 1
850 0
851 0
852 0
853 0
854 0
855 0
856 0
857 0
858 0
859 0
860 1
861 0
862 1
863 0
864 0
865 0
866 0
867 0
868 0
869 0
870 0
871 0
872 0
873 0
874 0
875 0
876 0
877 1
878 0
879 0
880 1
881 0
882 0
883 0
884 0
885 0
886 0
887 0
888 0
889 0
890 0
891 0
892 0
893 1
894 0
895 0
896 0
897 0
898 0
899 1
900 0
901 0
902 0
903 0
904 0
905 0
906 0
907 0
908 0
909 0
910 0
911 0
912 0
913 0
914 0
915 0
916 0
917 0
918 0
919 0
920 0
921 0
922 0
923 0
924 0
925 0
926 0
927 0
928 0
929 0
930 0
931 0
932 0
933 0
934 0
935 0
936 0
937 0
938 0
939 0
940 0
941 0
942 0
943 0
944 0
945 0
946 0
947 0
948 0
949 0
950 0
951 0
952 0
953 0
954 0
955 0
956 0
957 0
958 0
959 0
960 0
961 0
962 0
963 0
964 0
965 0
966 0
967 0
968 0
969 0
970 0
971 0
972 0
973 0
974 0
975 0
976 0
977 0
978 0
979 0
980 0
981 0
982 0
983 0
984 0
985 0
986 0
987 0
988 0
989 0
990 0
991 0
992 0
993 0
994 0
995 0
996 0
997 0
998 0
999 0
1000 0
1001 0
1002 0
1003 0
1004 0
1005 0
1006 0
1007 0
1008 1
