0 0
1 0
2 0
3 0
4 0
5 0
6 1
7 0
8 2
9 2
10 5
11 2
12 3
13 9
14 3
15 14
16 17
17 17
18 26
19 27
20 30
21 34
22 43
23 47
24 74
25 78
26 81
27 98
28 101
29 107
30 139
31 140
32 169
33 165
34 165
35 173
36 211
37 218
38 211
39 236
40 218
41 254
42 262
43 276
44 245
45 260
46 262
47 254
48 268
49 262
50 260
51 248
52 248
53 241
54 228
55 238
56 220
57 184
58 204
59 179
60 186
61 169
62 162
63 141
64 139
65 141
66 135
67 105
68 119
69 111
70 100
71 115
72 89
73 80
74 67
75 63
76 65
77 69
78 49
79 46
80 32
81 38
82 30
83 31
84 22
85 27
86 32
87 15
88 22
89 20
90 12
91 12
92 16
93 6
94 9
95 4
96 9
97 5
98 4
99 4
100 6
101 3
102 8
103 0
104 2
105 5
106 1
107 3
108 3
109 2
110 1
111 1
112 0
113 0
114 0
115 0
116 0
117 0
118 0
119 0
120 0
121 0
122 0
123 0
124 2
125 0
126 0
127 1
128 0
129 1
130 1
