0 0
1 23
2 38
3 53
4 59
5 80
6 111
7 114
8 150
9 162
10 148
11 187
12 174
13 183
14 209
15 224
16 197
17 244
18 226
19 243
20 232
21 267
22 249
23 264
24 233
25 260
26 285
27 257
28 273
29 241
30 252
31 228
32 235
33 212
34 204
35 203
36 203
37 208
38 183
39 162
40 185
41 161
42 151
43 138
44 130
45 126
46 123
47 115
48 112
49 97
50 80
51 87
52 62
53 75
54 68
55 63
56 62
57 53
58 53
59 40
60 51
61 40
62 45
63 38
64 36
65 35
66 25
67 18
68 22
69 25
70 17
71 15
72 20
73 16
74 13
75 13
76 10
77 6
78 9
79 2
80 9
81 8
82 6
83 6
84 4
85 2
86 3
87 1
88 3
89 1
90 1
91 2
92 2
93 3
94 0
95 1
96 0
97 3
98 2
99 0
100 3
101 0
102 1
103 0
104 2
105 1
106 0
107 0
108 0
109 0
110 0
111 0
112 1
113 0
114 0
115 1 
