2500.2500250025
2330.980408040804
2003.4621662166217
1738.690389038904
1516.9982398239824
1346.3041404140415
1206.283488348835
1088.2274827482747
981.5971797179718
890.1698169816982
810.7277427742774
742.394699469947
682.9088308830883
633.002200220022
587.8520652065207
535.1715071507151
495.6909890989099
462.67966796679667
423.33268326832683
397.8633463346335
369.38315831583157
345.0802480248025
322.64949494949497
306.9343934393439
291.92627262726273
273.6233223322332
255.72472247224724
235.77027702770278
222.76921692169216
210.65212521252124
200.03578357835784
187.83910391039103
178.6930893089309
170.27922792279227
162.08296829682968
153.57705770577059
145.52295229522952
135.9006900690069
129.5871587158716
124.37973797379738
118.11500150015002
113.1050305030503
107.00879087908791
103.22414241424143
98.69468946894689
94.5933393339334
91.33381338133813
86.21755175517552
82.67901790179017
78.89080908090808
76.55140514051405
74.75617561756175
71.55066506650665
67.46689668966897
64.84098409840985
63.352875287528754
59.53084308430843
57.908230823082306
55.390609060906094
53.38024802480248
52.697229722972295
50.94075407540754
49.56735673567357
47.72147214721472
46.37544754475447
43.80621062106211
42.77935793579358
41.27944794479448
41.12056205620562
39.59061906190619
38.46218621862186
37.93857385738574
36.56968696869687
35.02774277427743
33.81923192319232
32.435943594359436
31.434363436343634
30.814601460146015
29.282008200820083
28.596709670967098
27.47947794779478
26.0990599059906
25.971947194719473
25.15882588258826
24.7000200020002
24.06192619261926
23.864196419641964
23.2991199119912
22.826042604260426
22.303990399039904
21.44255425542554
20.794739473947395
20.532153215321532
19.60964096409641
18.956105610561057
18.364756475647564
17.914211421142113
16.97737773777378
16.14143414341434
16.092049204920492
15.203080308030803
14.667996799679967
14.32050205020502
13.980448044804481
13.437213721372137
13.086608660866087
12.684168416841684
12.463296329632962
12.176437643764377
11.907880788078808
11.742974297429743
11.401700170017001
11.24987498749875
11.002060206020602
10.822842284228424
10.674077407740775
10.293589358935893
9.946974697469747
9.615311531153115
9.35034503450345
9.07082708270827
8.973277327732774
8.775597559755976
8.547984798479847
8.421852185218523
8.074777477747775
8.051055105510551
7.872687268726873
7.691369136913691
7.4423042304230425
7.232103210321032
7.100300030003
6.998199819981998
6.835883588358836
6.641984198419842
6.58996899689969
6.505370537053706
6.291479147914791
6.183368336833683
6.069156915691569
6.0101110111011105
5.877357735773577
5.782228222822282
5.657985798579858
5.58034803480348
5.377357735773577
5.1828582858285825
5.16024602460246
5.059625962596259
5.0201620162016205
4.9333233323332335
4.880938093809381
4.8244124412441245
4.75016501650165
4.658235823582358
4.586178617861786
4.532863286328633
4.475397539753976
4.4207620762076205
4.3826982698269825
4.34970497049705
4.270687068706871
4.202240224022402
4.145114511451145
4.069416941694169
3.9696069606960696
3.935083508350835
3.8715171517151714
3.8168216821682166
3.7843984398439843
3.7424442444244423
3.6995999599959997
3.653835383538354
3.579317931793179
3.5325232523252326
3.509190919091909
3.481668166816682
3.4217621762176216
3.3955395539553956
3.349214921492149
3.3224522452245226
3.295909590959096
3.257075707570757
3.234063406340634
3.201740174017402
3.171677167716772
3.1397339733973397
3.1118411841184117
3.0934493449344935
3.075707570757076
3.0566456645664566
3.0274927492749275
3.0068406840684068
2.9786778677867787
2.9666566656665667
2.9425442544254428
2.9304930493049306
2.9173717371737173
2.9014301430143012
2.877807780778078
2.860806080608061
2.848074807480748
2.8364636463646367
2.814811481148115
2.802360236023602
2.782988298829883
2.766126612661266
2.7605260526052606
2.751955195519552
2.741584158415842
2.736923692369237
2.732963296329633
2.728262826282628
2.7266826682668266
2.7246524652465247
2.7206020602060206
2.718871887188719
2.7143914391439146
2.712081208120812
2.707110711071107
2.704100410041004
2.701320132013201
2.697699769976998
2.6995599559955994
2.6986598659865986
2.6952695269526954
2.692919291929193
2.692189218921892
2.6934093409340933
2.6915291529152916
2.694379437943794
2.6922992299229924
2.6908790879087907
2.6883788378837883
2.686828682868287
2.687298729872987
2.686158615861586
2.684998499849985
2.6852785278527853
2.684748474847485
2.6841684168416844
2.6814681468146815
2.684178417841784
2.6843484348434843
2.687138713871387
2.6862586258625862
2.684878487848785
2.685258525852585
2.6885888588858884
2.6865886588658867
2.685758575857586
2.6845384538453847
2.6844184418441843
2.6835283528352836
2.6830883088308832
2.682788278827883
2.682718271827183
2.6845584558455844
2.6847084708470845
2.6865586558655865
2.685828582858286
2.6857885788578857
2.6855585558555854
2.687218721872187
2.6854685468546853
2.684248424842484
2.681998199819982
2.684328432843284
2.6838683868386837
2.684698469846985
2.6833583358335833
2.6814081408140815
2.6836583658365836
2.6826882688268827
2.683408340834083
2.6835483548354837
2.6814981498149817
2.684118411841184
2.683938393839384
2.681848184818482
2.683108310831083
2.682208220822082
2.681168116811681
2.6814681468146815
2.681878187818782
2.680938093809381
2.6842984298429844
2.684258425842584
2.683018301830183
2.684208420842084
2.681988198819882
2.681428142814281
2.678877887788779
2.6793479347934794
2.681648164816482
2.6835383538353836
2.6842384238423844
2.685198519851985
2.685118511851185
