2500.2500250025
2330.980408040804
2003.4621662166217
1738.690389038904
1516.9982398239824
1346.3041404140415
1206.283488348835
1088.2274827482747
981.5971797179718
890.1698169816982
810.7277427742774
742.394699469947
682.9088308830883
633.002200220022
587.8520652065207
535.1715071507151
495.6909890989099
462.67966796679667
423.33268326832683
397.8633463346335
369.38315831583157
344.3820682068207
324.57399739974
303.2956595659566
287.79513951395137
272.05277527752776
254.64713471347136
240.35075507550755
225.06971697169718
216.82446244624464
201.03324332433243
189.03795379537954
180.34140414041403
171.65705570557057
163.92869286928692
155.495399539954
149.65163516351635
141.15805580558055
136.76732673267327
129.02369236923693
122.66769676967697
118.4074807480748
112.37916791679167
106.405400540054
102.6976797679768
100.24133413341335
93.88751875187519
91.47099709970998
88.52753275327532
84.45177517751775
81.25189518951895
77.29385938593859
73.36565656565656
71.01891189118912
69.07256725672568
66.88535853585358
64.30896089608962
61.98239823982398
60.637543754375436
57.88397839783978
56.44784478447845
54.411081108110814
53.195799579958
50.22307230723072
49.18735873587359
47.743774377437745
46.136413641364136
44.977237723772376
43.752675267526755
42.98529852985298
41.03232323232323
39.44836483648365
39.113541354135414
37.944054405440546
36.547214721472145
35.52659265926593
34.33304330433043
33.660946094609464
33.268666866686665
32.102120212021205
31.712401240124013
30.615461546154616
29.964526452645263
29.79205920592059
29.218201820182017
28.16893689368937
27.514501450145016
27.377107710771078
27.067696769676967
26.666896689668967
25.605140514051406
24.694719471947195
23.64791479147915
23.2025802580258
22.786188618861885
21.985108510851084
21.681868186818683
21.416111611161117
21.054575457545756
20.647554755475547
20.33997399739974
19.7022802280228
18.806860686068607
18.464296429642964
18.304480448044803
18.1016101610161
17.411661166116613
17.157915791579157
16.744474447444745
16.55042504250425
16.057735773577356
15.823422342234224
15.616281628162817
15.545494549454945
15.082928292829283
14.897489748974898
14.611751175117512
14.415931593159316
14.35915591559156
13.5992799279928
13.27004700470047
12.631073107310732
12.354365436543654
12.307400740074007
12.292069206920692
12.053095309530953
11.881188118811881
11.503700370037004
11.381778177817782
11.361126112611261
11.03993399339934
10.75941594159416
10.570577057705771
10.311251125112511
10.277477747774778
10.186728672867286
9.986548654865487
9.69023902390239
9.561446144614461
9.426232623262326
9.257815781578158
9.146384638463847
8.987268726872687
8.757765776577658
8.664616461646165
8.547554755475547
8.491069106910691
8.275607560756075
8.196779677967797
8.12000200020002
7.976217621762176
7.801040104010401
7.719111911191119
7.408870887088709
7.350595059505951
7.244044404440444
7.157435743574357
7.056065606560656
6.987068706870687
6.801490149014901
6.701800180018002
6.641324132413241
6.572037203720372
6.544384438443845
6.4486548654865485
6.349034903490349
6.263506350635064
6.18963896389639
6.07966796679668
6.03977397739774
5.937563756375638
5.851775177517752
5.7293829382938295
5.646544654465447
5.5077307730773075
5.37966796679668
5.324262426242624
5.202540254025402
5.173747374737474
5.0904690469046905
5.0382638263826385
5.000880088008801
4.927682768276828
4.871027102710271
4.84016401640164
4.767616761676168
4.703260326032603
4.618431843184318
4.5964196419641965
4.5506850685068505
4.500360036003601
4.464986498649865
4.438423842384238
4.41055105510551
4.331353135313531
4.287448744874488
4.246264626462646
4.188808880888089
4.171317131713171
4.132783278327833
4.104340434043404
4.051155115511551
4.008050805080508
3.958245824582458
3.9359235923592357
3.862056205620562
3.8171817181718173
3.792939293929393
3.766146614661466
3.7468546854685467
3.712961296129613
3.673297329732973
3.633173317331733
3.571947194719472
3.527252725272527
3.492929292929293
3.4733573357335734
3.445094509450945
3.4054205420542054
3.392969296929693
3.3719571957195718
3.3504450445044505
3.3195019501950194
3.2934193419341935
3.281858185818582
3.256655665566557
3.2364136413641362
3.2044004400440045
3.1603060306030604
3.1403040304030405
3.101000100010001
3.0894989498949896
3.068926892689269
3.0436943694369436
3.0345934593459347
3.0176717671767177
3.003810381038104
2.9823282328232823
2.9617361736173615
2.9456445644564457
2.9297029702970296
2.904830483048305
2.886058605860586
2.8668566856685667
2.849154915491549
2.8292729272927293
2.80973097309731
2.7931193119311932
2.77004700470047
2.7606360636063605
2.7461446144614463
2.7376737673767377
2.716991699169917
2.6981698169816983
2.6865886588658867
2.681578157815782
2.6642064206420644
2.652285228522852
2.6422542254225423
2.6357035703570357
2.6235923592359236
2.6166716671667167
2.612171217121712
2.604850485048505
2.602810281028103
2.5915291529152915
2.5871987198719872
2.5801280128012802
2.5774477447744775
2.5685568556855687
2.563026302630263
2.555765576557656
2.5533653365336533
2.5504250425042505
2.545574557455746
2.543044304430443
2.5374037403740375
2.5297729772977298
2.5256325632563255
2.517141714171417
2.511801180118012
2.501990199019902
2.497859785978598
2.493899389938994
2.491779177917792
2.4853685368536853
2.484228422842284
2.477777777777778
2.4704470447044704
2.464186418641864
2.459115911591159
2.4568156815681568
2.4554055405540556
2.4483948394839485
2.442824282428243
2.4397439743974396
2.435023502350235
2.4328132813281327
2.431233123312331
